 C      -14.9113229657       -7.1845821521       19.5365027600
 C       -3.9416912576       -1.2209642235      -12.6952367467
 C        0.4408024625       -3.1947063212        4.2724880621
 C       13.4880023288       -1.9094491445        9.7930953971
 C      -18.2477943887       10.5507733897       42.9706470967
 C      -10.3108903184       -4.9725859681       -8.1363262386
 O       24.2140055911       17.3495013491      -21.1963874762
 N      -11.3689666241        5.6453990551      -17.5491510290
 H        2.5295069791       -0.3423153286       -3.2013537596
 H        5.1392796854       -5.9094897034       -2.8698779095
 H        0.5888545524       -1.5317246163        4.7463601899
 H        0.5564161406       -1.1758575628       -1.4247751390
 H        3.8762219266        0.7015792798       -1.6329873882
 H        5.0833622689       -2.6883349548       -6.9722670212
 H        6.2885582786       -2.2081640003       -6.0603048770
 H       -2.0743796665       -0.5979244262        0.7264235319
 H       -2.6992245406        0.0957727530       -1.6046711244